   1.5464400e+00   1.8554786e+03   1.0000000e+00
   1.6069200e+00   1.7893577e+03   1.0000000e+00
   1.6652400e+00   1.7610202e+03   1.0000000e+00
   1.7235600e+00   1.7232368e+03   1.0000000e+00
   1.7840400e+00   1.6854534e+03   1.0000000e+00
   1.8596400e+00   1.6382242e+03   1.0000000e+00
   1.9568400e+00   1.5815491e+03   1.0000000e+00
   2.0367600e+00   1.5532116e+03   1.0000000e+00
   2.0864400e+00   1.5343199e+03   1.0000000e+00
   2.1253200e+00   1.5154282e+03   1.0000000e+00
   2.1728400e+00   1.4965365e+03   1.0000000e+00
   2.2894800e+00   1.4870907e+03   1.0000000e+00
