   9.4164000e-01   1.1041393e+03   1
   1.0129200e+00   1.0785151e+03   1
   1.0906800e+00   1.0489488e+03   1
   1.1857200e+00   1.0174113e+03   1
   1.2786000e+00   9.9770039e+02   1
   1.3736400e+00   9.7996058e+02   1
   1.4838000e+00   9.6813403e+02   1
   1.5507600e+00   9.5827858e+02   1
   1.6350000e+00   9.3856767e+02   1
   1.7257200e+00   9.3265440e+02   1
   1.7818800e+00   9.3068331e+02   1
   1.8553200e+00   9.3659658e+02   1
   1.9374000e+00   9.2871222e+02   1
   2.0713200e+00   9.0505913e+02   1
   2.1685200e+00   8.9717477e+02   1
