0.92748691 1369.7007 68.48503500000001
1.0311518 1332.2943 66.614715
1.0657068 1257.4813 62.874065
1.1209948 1220.0748 61.00374000000001
1.1831937 1126.5586 56.32793000000001
1.2384817 1051.7456 52.58728
1.2937696 1014.3392 50.71696
1.3559686 976.93267 48.8466335
1.4319895 902.1197 45.105985000000004
1.5010995 883.41646 44.170823000000006
1.5632984 846.00998 42.300499
1.6254974 808.60349 40.4301745
1.6946073 808.60349 40.4301745
1.7429843 789.90025 39.4950125
1.7982723 752.49377 37.624688500000005
1.8328272 752.49377 37.624688500000005
1.9917801 789.90025 39.4950125
2.0608901 789.90025 39.4950125
2.116178 771.19701 38.5598505
2.157644 771.19701 38.5598505
2.2267539 752.49377 37.624688500000005
2.2751309 752.49377 37.624688500000005
2.3027749 752.49377 37.624688500000005
2.3511518 752.49377 37.624688500000005
