   1.2138000e+00   1.6777267e+03   1
   1.3023600e+00   1.6461893e+03   1
   1.3930800e+00   1.6166229e+03   1
   1.4406000e+00   1.6087385e+03   1
   1.5097200e+00   1.5969119e+03   1
   1.5680400e+00   1.5712877e+03   1
   1.7015183e+00   1.5754364e+03   1
   1.7568063e+00   1.5380299e+03   1
   1.8120942e+00   1.5006234e+03   1
   1.8812042e+00   1.4819202e+03   1
   1.9226702e+00   1.4632170e+03   1
   1.9779581e+00   1.4445137e+03   1
   2.0194241e+00   1.4071072e+03   1
   2.0816230e+00   1.3697007e+03   1
   2.1300000e+00   1.3697007e+03   1
   2.1991099e+00   1.3509975e+03   1
   2.2543979e+00   1.3322943e+03   1
   2.3027749e+00   1.3135910e+03   1
   2.3649738e+00   1.2948878e+03   1
   2.4133508e+00   1.2761845e+03   1
