0.6 980.8337605 49.041688025000006
0.7 909.61197592 45.480598796
0.8 836.9091882699998 41.845459413499995
0.9 759.50457238 37.975228619
1.0 696.46948906 34.823474453
1.1 652.30633785 32.6153168925
1.2 621.58950419 31.0794752095
1.3 599.59853785 29.9799268925
1.4 583.28541377 29.1642706885
1.5 570.80152168 28.540076084
1.6 561.06196 28.053098000000002
1.7 553.25650841 27.662825420500003
1.8 546.88515587 27.3442577935
1.9 541.64340986 27.082170493000003
2.0 537.27121687 26.8635608435
2.1 533.54088509 26.6770442545
2.2 530.34583671 26.5172918355
2.3 527.61684514 26.380842257
2.4 525.25498089 26.262749044499998
2.5 523.21773954 26.160886977000004
2.6 521.39745681 26.0698728405
2.7 519.73378044 25.986689022000004
2.8 518.36359656 25.918179828000003
2.9 517.01543789 25.850771894500003
3.0 515.9349028 25.796745140000002
3.1 514.88683543 25.744341771500004
3.2 513.92677147 25.6963385735
3.3 513.1286382 25.65643191
3.4 512.34942306 25.617471153000004
3.5 511.56950037 25.5784750185
3.6 510.98135323 25.549067661500004
3.7 510.42768262 25.521384131
3.8 509.88922555 25.4944612775
3.9 509.34681263 25.4673406315
4.0 508.8242542 25.441212710000002
4.1 508.4358105 25.421790525000002
4.2 508.07694769 25.4038473845
4.3 507.73777522 25.386888761
4.4 507.40950141 25.370475070500003
4.5 507.08361377 25.3541806885
4.6 506.75105819 25.3375529095
4.7 506.40123664 25.320061832
4.8 506.10222139 25.3051110695
4.9 505.87382358 25.293691179000003
5.0 505.66842167 25.283421083500002
