0.4 588.87914849 29.443957424500002
0.5 558.7889078 27.93944539
0.6 541.0909538 27.05454769
0.7 530.24351426 26.512175713
0.8 523.20215881 26.1601079405
0.9 518.37146884 25.918573442000003
1.0 514.90100401 25.7450502005
1.1 512.35119358 25.617559679
1.2 510.42364724 25.521182362
1.3 508.85018941 25.4425094705
1.4 507.71999466 25.385999733000002
1.5 506.71392712 25.335696356
1.6 505.91355515 25.295677757500002
1.7 505.31157287 25.265578643500003
1.8 504.77336621 25.238668310500003
1.9 504.28177678 25.214088839
2.0 503.82243367 25.1911216835
2.1 503.45638305 25.1728191525
2.2 503.21647318 25.160823659000002
2.3 503.0038032 25.15019016
2.4 502.8139276 25.14069638
2.5 502.64321219 25.1321606095
2.6 502.48865351 25.124432675500003
2.7 502.3477417 25.117387085
2.8 502.21835485 25.110917742500003
2.9 502.09867624 25.104933812
3.0 501.9871285 25.099356425
3.1 501.88231999 25.0941159995
3.2 501.78299995 25.0891499975
3.3 501.68801973 25.0844009865
3.4 501.5962976 25.07981488
3.5 501.50678526 25.075339263000004
3.6 501.41843357 25.0709216785
3.7 501.33015537 25.066507768500003
3.8 501.24078195 25.0620390975
3.9 501.1490094 25.057450470000003
4.0 501.05332836 25.052666418
4.1 500.95192819 25.047596409500002
4.2 500.8776901 25.043884505
4.3 500.86110338 25.043055169
4.4 500.84650856 25.042325428
4.5 500.83372364 25.041686182000003
4.6 500.82258415 25.041129207500003
4.7 500.81294109 25.0406470545
4.8 500.80465908 25.040232954000004
4.9 500.79761488 25.039880744
5.0 500.79169603 25.039584801500002
