0.4 971.97296266 48.598648133000005
0.5 780.60139415 39.030069707500004
0.6 712.68221858 35.634110929
0.7 707.39936767 35.3699683835
0.8 712.04878925 35.6024394625
0.9 716.47947093 35.82397354650001
1.0 714.84811638 35.742405819
1.1 697.4584891 34.872924454999996
1.2 662.076329 33.103816450000004
1.3 626.63330724 31.331665362000003
1.4 599.46324717 29.973162358500005
1.5 579.62925563 28.9814627815
1.6 564.97206017 28.248603008499998
1.7 553.99876682 27.699938341000003
1.8 545.56790946 27.278395473000003
1.9 538.87648187 26.9438240935
2.0 533.58512938 26.679256469000002
2.1 529.3511416 26.467557080000002
2.2 525.79478981 26.2897394905
2.3 522.82558767 26.141279383500002
2.4 520.40576504 26.020288252
2.5 518.37564822 25.918782411000002
2.6 516.52339392 25.826169696
2.7 515.01455175 25.750727587500002
2.8 513.70172598 25.685086299
2.9 512.5764198 25.628820990000005
3.0 511.42099116 25.571049558000002
3.1 510.70703343 25.535351671500003
3.2 509.8963035 25.494815175
3.3 508.92868062 25.446434031000003
3.4 508.50395214 25.425197607
3.5 508.05722032 25.402861016000003
3.6 507.57234627 25.3786173135
3.7 507.02578082 25.351289041
3.8 506.38056506 25.319028253
3.9 506.07623688 25.303811844000002
4.0 505.86535675 25.2932678375
4.1 505.65410633 25.2827053165
4.2 505.43933789 25.2719668945
4.3 505.2172621 25.260863105000002
4.4 504.98310444 25.249155222
4.5 504.73057156 25.236528578
4.6 504.45097739 25.222548869500002
4.7 504.13174262 25.206587131000003
4.8 503.75365473 25.1876827365
4.9 503.52941634 25.176470817000002
5.0 503.46595524 25.173297762000004
