0.4 557.83889906 27.891944953000003
0.5 533.84766068 26.692383034000002
0.6 501.96982169 25.0984910845
0.7 484.92121664 24.246060832
0.8 476.49099838 23.824549919000003
0.9 472.11355796 23.605677898
1.0 469.71422704 23.485711352000003
1.1 468.30799228 23.415399614000002
1.2 467.56853587 23.3784267935
1.3 467.10341955 23.355170977500002
1.4 466.812688 23.3406344
1.5 466.63223318 23.331611659000004
1.6 466.52127514 23.326063757
1.7 466.45401688 23.322700844
1.8 466.41420163 23.3207100815
1.9 466.3916119 23.319580595
2.0 466.37983789 23.3189918945
2.1 466.37486388 23.318743194000003
2.2 466.37417649 23.318708824500003
2.3 466.37620377 23.318810188500002
2.4 466.37996313 23.3189981565
2.5 466.38484072 23.319242036000002
2.6 466.39045322 23.319522661
2.7 466.39656143 23.3198280715
2.8 466.40301617 23.320150808500003
2.9 466.40972451 23.3204862255
3.0 466.41662865 23.3208314325
3.1 466.42369272 23.321184636
3.2 466.43089454 23.321544727000003
3.3 466.43822046 23.321911023000002
3.4 466.44566215 23.3222831075
3.5 466.45321461 23.3226607305
3.6 466.46087487 23.3230437435
3.7 466.46864125 23.323432062500004
3.8 466.47651285 23.3238256425
3.9 466.48448924 23.324224462000004
4.0 466.49257028 23.324628514
4.1 466.50075599 23.325037799500002
4.2 466.5090465 23.325452325
4.3 466.51744195 23.3258720975
4.4 466.52594252 23.326297126
4.5 466.53454835 23.326727417500003
4.6 466.5432596 23.32716298
4.7 466.55207637 23.327603818500002
4.8 466.56099874 23.328049937000003
4.9 466.57002676 23.328501338000002
5.0 466.57916043 23.3289580215
