4.000000000000000222e-01 5.437430819593845399e+02 2.000000000000000000e+01
5.000000000000000000e-01 4.264603073839150511e+02 2.000000000000000000e+01
5.999999999999999778e-01 5.448056633970693383e+02 2.000000000000000000e+01
6.999999999999999556e-01 7.051892914346511816e+02 2.000000000000000000e+01
8.000000000000000444e-01 7.503214251799065551e+02 2.000000000000000000e+01
9.000000000000000222e-01 7.293018836332431647e+02 2.000000000000000000e+01
1.000000000000000000e+00 6.309104520693050517e+02 2.000000000000000000e+01
1.100000000000000089e+00 4.925045145847350341e+02 2.000000000000000000e+01
1.199999999999999956e+00 4.032511575076884469e+02 2.000000000000000000e+01
1.300000000000000044e+00 3.798977696846516210e+02 2.000000000000000000e+01
1.399999999999999911e+00 3.870322374925614213e+02 2.000000000000000000e+01
1.500000000000000000e+00 4.007691764395372047e+02 2.000000000000000000e+01
1.600000000000000089e+00 4.145283227090611717e+02 2.000000000000000000e+01
1.699999999999999956e+00 4.269023487672985766e+02 2.000000000000000000e+01
1.800000000000000044e+00 4.366409115000210477e+02 2.000000000000000000e+01
1.899999999999999911e+00 4.448937135936108120e+02 2.000000000000000000e+01
2.000000000000000000e+00 4.527602488888999233e+02 2.000000000000000000e+01
2.100000000000000089e+00 4.585008024461845935e+02 2.000000000000000000e+01
2.200000000000000178e+00 4.626360749114044211e+02 2.000000000000000000e+01
2.299999999999999822e+00 4.674194398366858536e+02 2.000000000000000000e+01
2.399999999999999911e+00 4.719759188994752890e+02 2.000000000000000000e+01
2.500000000000000000e+00 4.740003643028733791e+02 2.000000000000000000e+01
2.600000000000000089e+00 4.762370792937753095e+02 2.000000000000000000e+01
2.700000000000000178e+00 4.795454685158366601e+02 2.000000000000000000e+01
2.799999999999999822e+00 4.816946473462336371e+02 2.000000000000000000e+01
2.899999999999999911e+00 4.815101158276240199e+02 2.000000000000000000e+01
3.000000000000000000e+00 4.848377339091852605e+02 2.000000000000000000e+01
3.100000000000000089e+00 4.881195947479262713e+02 2.000000000000000000e+01
3.200000000000000178e+00 4.829465314647131891e+02 2.000000000000000000e+01
3.299999999999999822e+00 4.869471616343878395e+02 2.000000000000000000e+01
3.399999999999999911e+00 4.941085254111055178e+02 2.000000000000000000e+01
3.500000000000000000e+00 4.922610040751182510e+02 2.000000000000000000e+01
3.600000000000000089e+00 4.896615730526974062e+02 2.000000000000000000e+01
3.700000000000000178e+00 4.858966270331199553e+02 2.000000000000000000e+01
3.799999999999999822e+00 4.889598941417235665e+02 2.000000000000000000e+01
3.899999999999999911e+00 4.962252356765949912e+02 2.000000000000000000e+01
4.000000000000000000e+00 4.975613352430015652e+02 2.000000000000000000e+01
4.099999999999999645e+00 4.970689971038500516e+02 2.000000000000000000e+01
4.200000000000000178e+00 4.964291441625638868e+02 2.000000000000000000e+01
4.299999999999999822e+00 4.955950622401952614e+02 2.000000000000000000e+01
4.400000000000000355e+00 4.944982242047464638e+02 2.000000000000000000e+01
4.500000000000000000e+00 4.930351435369278192e+02 2.000000000000000000e+01
4.599999999999999645e+00 4.910439645209903006e+02 2.000000000000000000e+01
4.700000000000000178e+00 4.882605616686468579e+02 2.000000000000000000e+01
4.799999999999999822e+00 4.897010799280652691e+02 2.000000000000000000e+01
4.900000000000000355e+00 4.965780867594264123e+02 2.000000000000000000e+01
5.000000000000000000e+00 5.004138749694084822e+02 2.000000000000000000e+01
5.099999999999999645e+00 5.004928465393992383e+02 2.000000000000000000e+01
5.200000000000000178e+00 5.005692640249823739e+02 2.000000000000000000e+01
5.299999999999999822e+00 5.006433860629269930e+02 2.000000000000000000e+01
5.400000000000000355e+00 5.007154549157912129e+02 2.000000000000000000e+01
5.500000000000000000e+00 5.007856943079249845e+02 2.000000000000000000e+01
5.599999999999999645e+00 5.008543068835758163e+02 2.000000000000000000e+01
5.700000000000000178e+00 5.009214852725507967e+02 2.000000000000000000e+01
5.799999999999999822e+00 5.009874106792514112e+02 2.000000000000000000e+01
5.900000000000000355e+00 5.010522479215447333e+02 2.000000000000000000e+01
6.000000000000000000e+00 5.010527829700337179e+02 2.000000000000000000e+01
