4.000000000000000222e-01 5.888791484900000341e+02 2.000000000000000000e+01
5.000000000000000000e-01 5.587889077999999472e+02 2.000000000000000000e+01
5.999999999999999778e-01 5.410909537999999657e+02 2.000000000000000000e+01
6.999999999999999556e-01 5.302435142599999836e+02 2.000000000000000000e+01
8.000000000000000444e-01 5.232021588100000145e+02 2.000000000000000000e+01
9.000000000000000222e-01 5.183714688400000341e+02 2.000000000000000000e+01
1.000000000000000000e+00 5.149010040099999514e+02 2.000000000000000000e+01
1.100000000000000089e+00 5.123511935799999719e+02 2.000000000000000000e+01
1.199999999999999956e+00 5.104236472399999798e+02 2.000000000000000000e+01
1.300000000000000044e+00 5.088501894099999845e+02 2.000000000000000000e+01
1.399999999999999911e+00 5.077199946599999976e+02 2.000000000000000000e+01
1.500000000000000000e+00 5.067139271199999939e+02 2.000000000000000000e+01
1.600000000000000089e+00 5.059135551499999792e+02 2.000000000000000000e+01
1.699999999999999956e+00 5.053115728700000204e+02 2.000000000000000000e+01
1.800000000000000044e+00 5.047733662100000060e+02 2.000000000000000000e+01
1.899999999999999911e+00 5.042817767799999729e+02 2.000000000000000000e+01
2.000000000000000000e+00 5.038224336700000094e+02 2.000000000000000000e+01
2.100000000000000089e+00 5.034563830499999995e+02 2.000000000000000000e+01
2.200000000000000178e+00 5.032164731799999799e+02 2.000000000000000000e+01
2.299999999999999822e+00 5.030038031999999930e+02 2.000000000000000000e+01
2.399999999999999911e+00 5.028139275999999995e+02 2.000000000000000000e+01
2.500000000000000000e+00 5.026432121899999856e+02 2.000000000000000000e+01
2.600000000000000089e+00 5.024886535100000060e+02 2.000000000000000000e+01
2.700000000000000178e+00 5.023477416999999718e+02 2.000000000000000000e+01
2.799999999999999822e+00 5.022183548500000256e+02 2.000000000000000000e+01
2.899999999999999911e+00 5.020986762399999748e+02 2.000000000000000000e+01
3.000000000000000000e+00 5.019871284999999830e+02 2.000000000000000000e+01
3.100000000000000089e+00 5.018823199899999850e+02 2.000000000000000000e+01
3.200000000000000178e+00 5.017829999499999758e+02 2.000000000000000000e+01
3.299999999999999822e+00 5.016880197300000077e+02 2.000000000000000000e+01
3.399999999999999911e+00 5.015962976000000140e+02 2.000000000000000000e+01
3.500000000000000000e+00 5.015067852600000151e+02 2.000000000000000000e+01
3.600000000000000089e+00 5.014184335699999906e+02 2.000000000000000000e+01
3.700000000000000178e+00 5.013301553699999999e+02 2.000000000000000000e+01
3.799999999999999822e+00 5.012407819499999846e+02 2.000000000000000000e+01
3.899999999999999911e+00 5.011490094000000113e+02 2.000000000000000000e+01
4.000000000000000000e+00 5.010533283600000232e+02 2.000000000000000000e+01
4.099999999999999645e+00 5.009519281899999896e+02 2.000000000000000000e+01
4.200000000000000178e+00 5.008776900999999953e+02 2.000000000000000000e+01
4.299999999999999822e+00 5.008611033799999745e+02 2.000000000000000000e+01
4.400000000000000355e+00 5.008465085600000180e+02 2.000000000000000000e+01
4.500000000000000000e+00 5.008337236400000165e+02 2.000000000000000000e+01
4.599999999999999645e+00 5.008225841500000115e+02 2.000000000000000000e+01
4.700000000000000178e+00 5.008129410899999812e+02 2.000000000000000000e+01
4.799999999999999822e+00 5.008046590800000217e+02 2.000000000000000000e+01
4.900000000000000355e+00 5.007976148800000260e+02 2.000000000000000000e+01
5.000000000000000000e+00 5.007916960300000255e+02 2.000000000000000000e+01
5.099999999999999645e+00 5.007867996699999935e+02 2.000000000000000000e+01
5.200000000000000178e+00 5.007828315900000007e+02 2.000000000000000000e+01
5.299999999999999822e+00 5.007797053499999720e+02 2.000000000000000000e+01
5.400000000000000355e+00 5.007773414999999773e+02 2.000000000000000000e+01
5.500000000000000000e+00 5.007756669400000078e+02 2.000000000000000000e+01
5.599999999999999645e+00 5.007746143200000120e+02 2.000000000000000000e+01
5.700000000000000178e+00 5.007741215500000180e+02 2.000000000000000000e+01
5.799999999999999822e+00 5.007741313500000047e+02 2.000000000000000000e+01
5.900000000000000355e+00 5.007745908200000144e+02 2.000000000000000000e+01
6.000000000000000000e+00 5.007754511200000138e+02 2.000000000000000000e+01
6.099999999999999645e+00 5.007766671399999723e+02 2.000000000000000000e+01
6.200000000000000178e+00 5.007781972399999972e+02 2.000000000000000000e+01
6.299999999999999822e+00 5.007800029499999823e+02 2.000000000000000000e+01
6.400000000000000355e+00 5.007820487899999762e+02 2.000000000000000000e+01
6.500000000000000000e+00 5.007843020299999921e+02 2.000000000000000000e+01
6.599999999999999645e+00 5.007867325199999868e+02 2.000000000000000000e+01
6.700000000000000178e+00 5.007893125200000100e+02 2.000000000000000000e+01
6.799999999999999822e+00 5.007920165300000122e+02 2.000000000000000000e+01
6.900000000000000355e+00 5.007948211699999774e+02 2.000000000000000000e+01
7.000000000000000000e+00 5.007977049899999997e+02 2.000000000000000000e+01
7.099999999999999645e+00 5.008006484300000238e+02 2.000000000000000000e+01
7.200000000000000178e+00 5.008036336200000278e+02 2.000000000000000000e+01
7.299999999999999822e+00 5.008066443299999833e+02 2.000000000000000000e+01
7.400000000000000355e+00 5.008096658399999797e+02 2.000000000000000000e+01
7.500000000000000000e+00 5.008126848599999903e+02 2.000000000000000000e+01
7.599999999999999645e+00 5.008156894200000124e+02 2.000000000000000000e+01
7.700000000000000178e+00 5.008186688000000117e+02 2.000000000000000000e+01
7.799999999999999822e+00 5.008216134499999725e+02 2.000000000000000000e+01
7.900000000000000355e+00 5.008245148999999969e+02 2.000000000000000000e+01
8.000000000000000000e+00 5.008273656800000140e+02 2.000000000000000000e+01
8.099999999999999645e+00 5.008301592999999912e+02 2.000000000000000000e+01
8.199999999999999289e+00 5.008328901099999939e+02 2.000000000000000000e+01
8.300000000000000711e+00 5.008355533000000150e+02 2.000000000000000000e+01
8.400000000000000355e+00 5.008381448000000091e+02 2.000000000000000000e+01
8.500000000000000000e+00 5.008406612399999744e+02 2.000000000000000000e+01
8.599999999999999645e+00 5.008430999000000270e+02 2.000000000000000000e+01
8.699999999999999289e+00 5.008454586299999960e+02 2.000000000000000000e+01
8.800000000000000711e+00 5.008477358499999923e+02 2.000000000000000000e+01
8.900000000000000355e+00 5.008499304499999880e+02 2.000000000000000000e+01
9.000000000000000000e+00 5.008520417899999870e+02 2.000000000000000000e+01
9.099999999999999645e+00 5.008540696200000184e+02 2.000000000000000000e+01
9.199999999999999289e+00 5.008560140800000227e+02 2.000000000000000000e+01
9.300000000000000711e+00 5.008578756200000157e+02 2.000000000000000000e+01
9.400000000000000355e+00 5.008596550099999831e+02 2.000000000000000000e+01
9.500000000000000000e+00 5.008613532800000030e+02 2.000000000000000000e+01
9.599999999999999645e+00 5.008629716699999790e+02 2.000000000000000000e+01
9.699999999999999289e+00 5.008645116700000131e+02 2.000000000000000000e+01
9.800000000000000711e+00 5.008659749000000261e+02 2.000000000000000000e+01
9.900000000000000355e+00 5.008673631799999839e+02 2.000000000000000000e+01
1.000000000000000000e+01 5.008686784199999806e+02 2.000000000000000000e+01
