4.000000000000000222e-01 9.719729626600000074e+02 1.500000000000000000e+01
5.000000000000000000e-01 7.806013941500000328e+02 1.500000000000000000e+01
5.999999999999999778e-01 7.126822185800000398e+02 1.500000000000000000e+01
6.999999999999999556e-01 7.073993676699999469e+02 1.500000000000000000e+01
8.000000000000000444e-01 7.120487892500000271e+02 1.500000000000000000e+01
9.000000000000000222e-01 7.164794709300000477e+02 1.500000000000000000e+01
1.000000000000000000e+00 7.148481163799999649e+02 1.500000000000000000e+01
1.100000000000000089e+00 6.974584890999999516e+02 1.500000000000000000e+01
1.199999999999999956e+00 6.620763289999999870e+02 1.500000000000000000e+01
1.300000000000000044e+00 6.266333072400000219e+02 1.500000000000000000e+01
1.399999999999999911e+00 5.994632471700000451e+02 1.500000000000000000e+01
1.500000000000000000e+00 5.796292556299999887e+02 1.500000000000000000e+01
1.600000000000000089e+00 5.649720601699999634e+02 2.000000000000000000e+01
1.699999999999999956e+00 5.539987668200000144e+02 2.000000000000000000e+01
1.800000000000000044e+00 5.455679094600000099e+02 2.000000000000000000e+01
1.899999999999999911e+00 5.388764818700000205e+02 2.000000000000000000e+01
2.000000000000000000e+00 5.335851293800000121e+02 2.000000000000000000e+01
2.100000000000000089e+00 5.293511416000000054e+02 2.000000000000000000e+01
2.200000000000000178e+00 5.257947898099999975e+02 2.000000000000000000e+01
2.299999999999999822e+00 5.228255876700000044e+02 2.000000000000000000e+01
2.399999999999999911e+00 5.204057650400000057e+02 2.000000000000000000e+01
2.500000000000000000e+00 5.183756482200000164e+02 2.000000000000000000e+01
2.600000000000000089e+00 5.165233939199999895e+02 2.000000000000000000e+01
2.700000000000000178e+00 5.150145517500000096e+02 2.000000000000000000e+01
2.799999999999999822e+00 5.137017259799999920e+02 2.000000000000000000e+01
2.899999999999999911e+00 5.125764198000000533e+02 2.000000000000000000e+01
3.000000000000000000e+00 5.114209911600000282e+02 2.000000000000000000e+01
3.100000000000000089e+00 5.107070334300000241e+02 2.000000000000000000e+01
3.200000000000000178e+00 5.098963034999999877e+02 2.000000000000000000e+01
3.299999999999999822e+00 5.089286806200000228e+02 2.000000000000000000e+01
3.399999999999999911e+00 5.085039521400000240e+02 2.000000000000000000e+01
3.500000000000000000e+00 5.080572203199999990e+02 2.000000000000000000e+01
3.600000000000000089e+00 5.075723462700000255e+02 2.000000000000000000e+01
3.700000000000000178e+00 5.070257808200000227e+02 2.000000000000000000e+01
3.799999999999999822e+00 5.063805650599999808e+02 2.000000000000000000e+01
3.899999999999999911e+00 5.060762368800000104e+02 2.000000000000000000e+01
4.000000000000000000e+00 5.058653567499999895e+02 2.000000000000000000e+01
4.099999999999999645e+00 5.056541063299999905e+02 2.000000000000000000e+01
4.200000000000000178e+00 5.054393378899999902e+02 2.000000000000000000e+01
4.299999999999999822e+00 5.052172621000000277e+02 2.000000000000000000e+01
4.400000000000000355e+00 5.049831044399999769e+02 2.000000000000000000e+01
4.500000000000000000e+00 5.047305715599999871e+02 2.000000000000000000e+01
4.599999999999999645e+00 5.044509773899999914e+02 2.000000000000000000e+01
4.700000000000000178e+00 5.041317426200000114e+02 2.000000000000000000e+01
4.799999999999999822e+00 5.037536547299999938e+02 2.000000000000000000e+01
4.900000000000000355e+00 5.035294163400000116e+02 2.000000000000000000e+01
5.000000000000000000e+00 5.034659552400000280e+02 2.000000000000000000e+01
5.099999999999999645e+00 5.034065885300000218e+02 2.000000000000000000e+01
5.200000000000000178e+00 5.033510256299999810e+02 2.000000000000000000e+01
5.299999999999999822e+00 5.032990031300000169e+02 2.000000000000000000e+01
5.400000000000000355e+00 5.032502820999999926e+02 2.000000000000000000e+01
5.500000000000000000e+00 5.032046453699999802e+02 2.000000000000000000e+01
5.599999999999999645e+00 5.031618953600000168e+02 2.000000000000000000e+01
5.700000000000000178e+00 5.031218517899999938e+02 2.000000000000000000e+01
5.799999999999999822e+00 5.030843503799999894e+02 2.000000000000000000e+01
5.900000000000000355e+00 5.030492408700000055e+02 2.000000000000000000e+01
6.000000000000000000e+00 5.030163858999999889e+02 2.000000000000000000e+01
