4.000000000000000222e-01 5.578388990600000170e+02 2.000000000000000000e+01
5.000000000000000000e-01 5.338476606799999900e+02 2.000000000000000000e+01
5.999999999999999778e-01 5.019698216900000034e+02 2.000000000000000000e+01
6.999999999999999556e-01 4.849212166400000115e+02 2.000000000000000000e+01
8.000000000000000444e-01 4.764909983800000077e+02 2.000000000000000000e+01
9.000000000000000222e-01 4.721135579599999801e+02 2.000000000000000000e+01
1.000000000000000000e+00 4.697142270400000257e+02 2.000000000000000000e+01
1.100000000000000089e+00 4.683079922800000077e+02 2.000000000000000000e+01
1.199999999999999956e+00 4.675685358700000052e+02 2.000000000000000000e+01
1.300000000000000044e+00 4.671034195500000124e+02 2.000000000000000000e+01
1.399999999999999911e+00 4.668126879999999801e+02 2.000000000000000000e+01
1.500000000000000000e+00 4.666322331800000143e+02 2.000000000000000000e+01
1.600000000000000089e+00 4.665212751400000002e+02 2.000000000000000000e+01
1.699999999999999956e+00 4.664540168799999833e+02 2.000000000000000000e+01
1.800000000000000044e+00 4.664142016299999796e+02 2.000000000000000000e+01
1.899999999999999911e+00 4.663916118999999867e+02 2.000000000000000000e+01
2.000000000000000000e+00 4.663798378899999761e+02 2.000000000000000000e+01
2.100000000000000089e+00 4.663748638800000208e+02 2.000000000000000000e+01
2.200000000000000178e+00 4.663741764900000248e+02 2.000000000000000000e+01
2.299999999999999822e+00 4.663762037700000178e+02 2.000000000000000000e+01
2.399999999999999911e+00 4.663799631300000215e+02 2.000000000000000000e+01
2.500000000000000000e+00 4.663848407199999997e+02 2.000000000000000000e+01
2.600000000000000089e+00 4.663904532199999835e+02 2.000000000000000000e+01
2.700000000000000178e+00 4.663965614300000198e+02 2.000000000000000000e+01
2.799999999999999822e+00 4.664030161700000008e+02 2.000000000000000000e+01
2.899999999999999911e+00 4.664097245099999896e+02 2.000000000000000000e+01
3.000000000000000000e+00 4.664166286500000069e+02 2.000000000000000000e+01
3.100000000000000089e+00 4.664236927200000196e+02 2.000000000000000000e+01
3.200000000000000178e+00 4.664308945399999971e+02 2.000000000000000000e+01
3.299999999999999822e+00 4.664382204600000250e+02 2.000000000000000000e+01
3.399999999999999911e+00 4.664456621499999756e+02 2.000000000000000000e+01
3.500000000000000000e+00 4.664532146099999750e+02 2.000000000000000000e+01
3.600000000000000089e+00 4.664608748699999978e+02 2.000000000000000000e+01
3.700000000000000178e+00 4.664686412500000188e+02 2.000000000000000000e+01
3.799999999999999822e+00 4.664765128500000060e+02 2.000000000000000000e+01
3.899999999999999911e+00 4.664844892400000163e+02 2.000000000000000000e+01
4.000000000000000000e+00 4.664925702799999954e+02 2.000000000000000000e+01
4.099999999999999645e+00 4.665007559900000160e+02 2.000000000000000000e+01
4.200000000000000178e+00 4.665090465000000108e+02 2.000000000000000000e+01
4.299999999999999822e+00 4.665174419499999772e+02 2.000000000000000000e+01
4.400000000000000355e+00 4.665259425200000010e+02 2.000000000000000000e+01
4.500000000000000000e+00 4.665345483500000228e+02 2.000000000000000000e+01
4.599999999999999645e+00 4.665432595999999990e+02 2.000000000000000000e+01
4.700000000000000178e+00 4.665520763700000089e+02 2.000000000000000000e+01
4.799999999999999822e+00 4.665609987400000023e+02 2.000000000000000000e+01
4.900000000000000355e+00 4.665700267600000188e+02 2.000000000000000000e+01
5.000000000000000000e+00 4.665791604300000017e+02 2.000000000000000000e+01
5.099999999999999645e+00 4.665883997099999760e+02 2.000000000000000000e+01
5.200000000000000178e+00 4.665977445199999920e+02 2.000000000000000000e+01
5.299999999999999822e+00 4.666071947300000033e+02 2.000000000000000000e+01
5.400000000000000355e+00 4.666167501599999810e+02 2.000000000000000000e+01
5.500000000000000000e+00 4.666264105999999856e+02 2.000000000000000000e+01
5.599999999999999645e+00 4.666361757799999737e+02 2.000000000000000000e+01
5.700000000000000178e+00 4.666460453700000244e+02 2.000000000000000000e+01
5.799999999999999822e+00 4.666560190199999738e+02 2.000000000000000000e+01
5.900000000000000355e+00 4.666660962999999924e+02 2.000000000000000000e+01
6.000000000000000000e+00 4.666762767499999995e+02 2.000000000000000000e+01
6.099999999999999645e+00 4.666865598300000215e+02 2.000000000000000000e+01
6.200000000000000178e+00 4.666969449800000120e+02 2.000000000000000000e+01
6.299999999999999822e+00 4.667074315699999829e+02 2.000000000000000000e+01
6.400000000000000355e+00 4.667180189200000200e+02 2.000000000000000000e+01
6.500000000000000000e+00 4.667287062799999831e+02 2.000000000000000000e+01
6.599999999999999645e+00 4.667394928599999844e+02 2.000000000000000000e+01
6.700000000000000178e+00 4.667503778099999749e+02 2.000000000000000000e+01
6.799999999999999822e+00 4.667613602399999877e+02 2.000000000000000000e+01
6.900000000000000355e+00 4.667724391699999842e+02 2.000000000000000000e+01
7.000000000000000000e+00 4.667836135900000158e+02 2.000000000000000000e+01
7.099999999999999645e+00 4.667948824200000217e+02 2.000000000000000000e+01
7.200000000000000178e+00 4.668062445300000149e+02 2.000000000000000000e+01
7.299999999999999822e+00 4.668176987400000257e+02 2.000000000000000000e+01
7.400000000000000355e+00 4.668292437800000130e+02 2.000000000000000000e+01
7.500000000000000000e+00 4.668408783599999765e+02 2.000000000000000000e+01
7.599999999999999645e+00 4.668526011199999743e+02 2.000000000000000000e+01
7.700000000000000178e+00 4.668644106400000169e+02 2.000000000000000000e+01
7.799999999999999822e+00 4.668763054400000101e+02 2.000000000000000000e+01
7.900000000000000355e+00 4.668882839899999908e+02 2.000000000000000000e+01
8.000000000000000000e+00 4.669003447000000051e+02 2.000000000000000000e+01
8.099999999999999645e+00 4.669124859199999946e+02 2.000000000000000000e+01
8.199999999999999289e+00 4.669247059599999830e+02 2.000000000000000000e+01
8.300000000000000711e+00 4.669370030700000029e+02 2.000000000000000000e+01
8.400000000000000355e+00 4.669493754299999750e+02 2.000000000000000000e+01
8.500000000000000000e+00 4.669618211800000154e+02 2.000000000000000000e+01
8.599999999999999645e+00 4.669743384099999730e+02 2.000000000000000000e+01
8.699999999999999289e+00 4.669869251599999984e+02 2.000000000000000000e+01
8.800000000000000711e+00 4.669995794199999750e+02 2.000000000000000000e+01
8.900000000000000355e+00 4.670122991000000070e+02 2.000000000000000000e+01
9.000000000000000000e+00 4.670250821100000280e+02 2.000000000000000000e+01
9.099999999999999645e+00 4.670379262800000220e+02 2.000000000000000000e+01
9.199999999999999289e+00 4.670508294100000057e+02 2.000000000000000000e+01
9.300000000000000711e+00 4.670637892500000135e+02 2.000000000000000000e+01
9.400000000000000355e+00 4.670768034899999748e+02 2.000000000000000000e+01
9.500000000000000000e+00 4.670898698199999899e+02 2.000000000000000000e+01
9.599999999999999645e+00 4.671029858399999739e+02 2.000000000000000000e+01
9.699999999999999289e+00 4.671161491500000125e+02 2.000000000000000000e+01
9.800000000000000711e+00 4.671293572999999810e+02 2.000000000000000000e+01
9.900000000000000355e+00 4.671426078000000075e+02 2.000000000000000000e+01
1.000000000000000000e+01 4.671558981300000255e+02 2.000000000000000000e+01
