5.999999999999999778e-01 9.808337605000000394e+02 2.000000000000000000e+01
6.999999999999999556e-01 9.096119759199999635e+02 2.000000000000000000e+01
8.000000000000000444e-01 8.369091882699999587e+02 2.000000000000000000e+01
9.000000000000000222e-01 7.595045723800000133e+02 2.000000000000000000e+01
1.000000000000000000e+00 6.964694890600000008e+02 2.000000000000000000e+01
1.100000000000000089e+00 6.523063378499999772e+02 2.000000000000000000e+01
1.199999999999999956e+00 6.215895041899999569e+02 2.000000000000000000e+01
1.300000000000000044e+00 5.995985378499999570e+02 2.000000000000000000e+01
1.399999999999999911e+00 5.832854137699999910e+02 2.000000000000000000e+01
1.500000000000000000e+00 5.708015216799999507e+02 2.000000000000000000e+01
1.600000000000000089e+00 5.610619599999999991e+02 2.000000000000000000e+01
1.699999999999999956e+00 5.532565084100000377e+02 2.000000000000000000e+01
1.800000000000000044e+00 5.468851558699999487e+02 2.000000000000000000e+01
1.899999999999999911e+00 5.416434098600000198e+02 2.000000000000000000e+01
2.000000000000000000e+00 5.372712168699999893e+02 2.000000000000000000e+01
