4.000000000000000222e-01 5.888791484900000341e+02 2.000000000000000000e+01
5.000000000000000000e-01 5.587889077999999472e+02 2.000000000000000000e+01
5.999999999999999778e-01 5.410909537999999657e+02 2.000000000000000000e+01
6.999999999999999556e-01 5.302435142599999836e+02 2.000000000000000000e+01
8.000000000000000444e-01 5.232021588100000145e+02 2.000000000000000000e+01
9.000000000000000222e-01 5.183714688400000341e+02 2.000000000000000000e+01
1.000000000000000000e+00 5.149010040099999514e+02 2.000000000000000000e+01
1.100000000000000089e+00 5.123511935799999719e+02 2.000000000000000000e+01
1.199999999999999956e+00 5.104236472399999798e+02 2.000000000000000000e+01
1.300000000000000044e+00 5.088501894099999845e+02 2.000000000000000000e+01
1.399999999999999911e+00 5.077199946599999976e+02 2.000000000000000000e+01
1.500000000000000000e+00 5.067139271199999939e+02 2.000000000000000000e+01
1.600000000000000089e+00 5.059135551499999792e+02 2.000000000000000000e+01
1.699999999999999956e+00 5.053115728700000204e+02 2.000000000000000000e+01
1.800000000000000044e+00 5.047733662100000060e+02 2.000000000000000000e+01
1.899999999999999911e+00 5.042817767799999729e+02 2.000000000000000000e+01
2.000000000000000000e+00 5.038224336700000094e+02 2.000000000000000000e+01
