4.000000000000000222e-01 5.578388990600000170e+02 2.000000000000000000e+01
5.000000000000000000e-01 5.338476606799999900e+02 2.000000000000000000e+01
5.999999999999999778e-01 5.019698216900000034e+02 2.000000000000000000e+01
6.999999999999999556e-01 4.849212166400000115e+02 2.000000000000000000e+01
8.000000000000000444e-01 4.764909983800000077e+02 2.000000000000000000e+01
9.000000000000000222e-01 4.721135579599999801e+02 2.000000000000000000e+01
1.000000000000000000e+00 4.697142270400000257e+02 2.000000000000000000e+01
1.100000000000000089e+00 4.683079922800000077e+02 2.000000000000000000e+01
1.199999999999999956e+00 4.675685358700000052e+02 2.000000000000000000e+01
1.300000000000000044e+00 4.671034195500000124e+02 2.000000000000000000e+01
1.399999999999999911e+00 4.668126879999999801e+02 2.000000000000000000e+01
1.500000000000000000e+00 4.666322331800000143e+02 2.000000000000000000e+01
1.600000000000000089e+00 4.665212751400000002e+02 2.000000000000000000e+01
1.699999999999999956e+00 4.664540168799999833e+02 2.000000000000000000e+01
1.800000000000000044e+00 4.664142016299999796e+02 2.000000000000000000e+01
1.899999999999999911e+00 4.663916118999999867e+02 2.000000000000000000e+01
2.000000000000000000e+00 4.663798378899999761e+02 2.000000000000000000e+01
