4.000000000000000222e-01 9.719729626600000074e+02 2.000000000000000000e+01
5.000000000000000000e-01 7.806013941500000328e+02 2.000000000000000000e+01
5.999999999999999778e-01 7.126822185800000398e+02 2.000000000000000000e+01
6.999999999999999556e-01 7.073993676699999469e+02 2.000000000000000000e+01
8.000000000000000444e-01 7.120487892500000271e+02 2.000000000000000000e+01
9.000000000000000222e-01 7.164794709300000477e+02 2.000000000000000000e+01
1.000000000000000000e+00 7.148481163799999649e+02 2.000000000000000000e+01
1.100000000000000089e+00 6.974584890999999516e+02 2.000000000000000000e+01
1.199999999999999956e+00 6.620763289999999870e+02 2.000000000000000000e+01
1.300000000000000044e+00 6.266333072400000219e+02 2.000000000000000000e+01
1.399999999999999911e+00 5.994632471700000451e+02 2.000000000000000000e+01
1.500000000000000000e+00 5.796292556299999887e+02 2.000000000000000000e+01
1.600000000000000089e+00 5.649720601699999634e+02 2.000000000000000000e+01
1.699999999999999956e+00 5.539987668200000144e+02 2.000000000000000000e+01
1.800000000000000044e+00 5.455679094600000099e+02 2.000000000000000000e+01
1.899999999999999911e+00 5.388764818700000205e+02 2.000000000000000000e+01
2.000000000000000000e+00 5.335851293800000121e+02 2.000000000000000000e+01
