5.999999999999999778e-01 6.831835965273303373e+02 2.000000000000000000e+01
6.999999999999999556e-01 5.854141790923206372e+02 2.000000000000000000e+01
8.000000000000000444e-01 4.873012460434577520e+02 2.000000000000000000e+01
9.000000000000000222e-01 4.145556250065520771e+02 2.000000000000000000e+01
1.000000000000000000e+00 3.935782814507674061e+02 2.000000000000000000e+01
1.100000000000000089e+00 3.998543964666069996e+02 2.000000000000000000e+01
1.199999999999999956e+00 4.119839571073940760e+02 2.000000000000000000e+01
1.300000000000000044e+00 4.236730440880264723e+02 2.000000000000000000e+01
1.399999999999999911e+00 4.334784695068518658e+02 2.000000000000000000e+01
1.500000000000000000e+00 4.417957297771986873e+02 2.000000000000000000e+01
1.600000000000000089e+00 4.487890218258911545e+02 2.000000000000000000e+01
1.699999999999999956e+00 4.543057800150709795e+02 2.000000000000000000e+01
1.800000000000000044e+00 4.591372069988914291e+02 2.000000000000000000e+01
1.899999999999999911e+00 4.634893930751067614e+02 2.000000000000000000e+01
2.000000000000000000e+00 4.668639997443973471e+02 2.000000000000000000e+01
2.100000000000000089e+00 4.695462471388881340e+02 2.000000000000000000e+01
2.200000000000000178e+00 4.723120956523347900e+02 2.000000000000000000e+01
2.299999999999999822e+00 4.749193634046613965e+02 2.000000000000000000e+01
2.399999999999999911e+00 4.772866365531216957e+02 2.000000000000000000e+01
2.500000000000000000e+00 4.790675145551113019e+02 2.000000000000000000e+01
2.600000000000000089e+00 4.797258176788367336e+02 2.000000000000000000e+01
2.700000000000000178e+00 4.817684851139770217e+02 2.000000000000000000e+01
2.799999999999999822e+00 4.829097243313505032e+02 2.000000000000000000e+01
2.899999999999999911e+00 4.840451228701467699e+02 2.000000000000000000e+01
3.000000000000000000e+00 4.858666625750278172e+02 2.000000000000000000e+01
3.100000000000000089e+00 4.855351720770519819e+02 2.000000000000000000e+01
3.200000000000000178e+00 4.872555371014595949e+02 2.000000000000000000e+01
3.299999999999999822e+00 4.883587364350085522e+02 2.000000000000000000e+01
3.399999999999999911e+00 4.871478323847659340e+02 2.000000000000000000e+01
3.500000000000000000e+00 4.886986250030214478e+02 2.000000000000000000e+01
3.600000000000000089e+00 4.912233415399356318e+02 2.000000000000000000e+01
3.700000000000000178e+00 4.909926224529484102e+02 2.000000000000000000e+01
3.799999999999999822e+00 4.901478099522629464e+02 2.000000000000000000e+01
3.899999999999999911e+00 4.893934058507053351e+02 2.000000000000000000e+01
4.000000000000000000e+00 4.912340826646553182e+02 2.000000000000000000e+01
4.099999999999999645e+00 4.935641287317733941e+02 2.000000000000000000e+01
4.200000000000000178e+00 4.938292724572964971e+02 2.000000000000000000e+01
4.299999999999999822e+00 4.937821065769020379e+02 2.000000000000000000e+01
4.400000000000000355e+00 4.934148762022259120e+02 2.000000000000000000e+01
4.500000000000000000e+00 4.926891893239398996e+02 2.000000000000000000e+01
4.599999999999999645e+00 4.915278643489990600e+02 2.000000000000000000e+01
4.700000000000000178e+00 4.915992572065592299e+02 2.000000000000000000e+01
4.799999999999999822e+00 4.937531650920537345e+02 2.000000000000000000e+01
4.900000000000000355e+00 4.954644253956925581e+02 2.000000000000000000e+01
5.000000000000000000e+00 4.960368931732393776e+02 2.000000000000000000e+01
5.099999999999999645e+00 4.964506216173771236e+02 2.000000000000000000e+01
5.200000000000000178e+00 4.967287123663844568e+02 2.000000000000000000e+01
5.299999999999999822e+00 4.968849948294602541e+02 2.000000000000000000e+01
5.400000000000000355e+00 4.969257290544920238e+02 2.000000000000000000e+01
5.500000000000000000e+00 4.968502946023256754e+02 2.000000000000000000e+01
5.599999999999999645e+00 4.966509967539450372e+02 2.000000000000000000e+01
5.700000000000000178e+00 4.963119429487918524e+02 2.000000000000000000e+01
5.799999999999999822e+00 4.958067081756404377e+02 2.000000000000000000e+01
5.900000000000000355e+00 4.950941942832623113e+02 2.000000000000000000e+01
6.000000000000000000e+00 4.945151788744668693e+02 2.000000000000000000e+01
