4.000000000000000222e-01 4.889439359473442437e+02 2.000000000000000000e+01
5.000000000000000000e-01 4.603622832220243595e+02 2.000000000000000000e+01
5.999999999999999778e-01 4.671561261746618925e+02 2.000000000000000000e+01
6.999999999999999556e-01 4.742449974098985876e+02 2.000000000000000000e+01
8.000000000000000444e-01 4.796655551387262904e+02 2.000000000000000000e+01
9.000000000000000222e-01 4.835272381514876656e+02 2.000000000000000000e+01
1.000000000000000000e+00 4.864621761462814220e+02 2.000000000000000000e+01
1.100000000000000089e+00 4.888550418722278437e+02 2.000000000000000000e+01
1.199999999999999956e+00 4.902479354489628918e+02 2.000000000000000000e+01
1.300000000000000044e+00 4.918631162572613675e+02 2.000000000000000000e+01
1.399999999999999911e+00 4.931939918194232746e+02 2.000000000000000000e+01
1.500000000000000000e+00 4.935184458275704742e+02 2.000000000000000000e+01
1.600000000000000089e+00 4.949381060915747526e+02 2.000000000000000000e+01
1.699999999999999956e+00 4.958023487186392231e+02 2.000000000000000000e+01
1.800000000000000044e+00 4.956723063395069175e+02 2.000000000000000000e+01
1.899999999999999911e+00 4.954069048404758746e+02 2.000000000000000000e+01
2.000000000000000000e+00 4.957015380114712002e+02 2.000000000000000000e+01
2.100000000000000089e+00 4.971732035219987438e+02 2.000000000000000000e+01
2.200000000000000178e+00 4.982868640194577097e+02 2.000000000000000000e+01
2.299999999999999822e+00 4.984167449144576381e+02 2.000000000000000000e+01
2.399999999999999911e+00 4.985237556372873655e+02 2.000000000000000000e+01
2.500000000000000000e+00 4.986099117944449972e+02 2.000000000000000000e+01
2.600000000000000089e+00 4.986766765978108538e+02 2.000000000000000000e+01
2.700000000000000178e+00 4.987250250445130177e+02 2.000000000000000000e+01
2.799999999999999822e+00 4.987554812407748841e+02 2.000000000000000000e+01
2.899999999999999911e+00 4.987681339814199077e+02 2.000000000000000000e+01
3.000000000000000000e+00 4.987626311061512752e+02 2.000000000000000000e+01
3.100000000000000089e+00 4.987381491099662867e+02 2.000000000000000000e+01
3.200000000000000178e+00 4.986933378383096738e+02 2.000000000000000000e+01
3.299999999999999822e+00 4.986262317025921789e+02 2.000000000000000000e+01
3.399999999999999911e+00 4.985341206092937796e+02 2.000000000000000000e+01
3.500000000000000000e+00 4.984133641681200402e+02 2.000000000000000000e+01
3.600000000000000089e+00 4.982591277237716554e+02 2.000000000000000000e+01
3.700000000000000178e+00 4.980650056435233637e+02 2.000000000000000000e+01
3.799999999999999822e+00 4.978224803127482687e+02 2.000000000000000000e+01
3.899999999999999911e+00 4.975201331585701610e+02 2.000000000000000000e+01
4.000000000000000000e+00 4.971424696186546726e+02 2.000000000000000000e+01
4.099999999999999645e+00 4.973770383262755104e+02 2.000000000000000000e+01
4.200000000000000178e+00 4.989776045352791130e+02 2.000000000000000000e+01
4.299999999999999822e+00 5.001915964057847077e+02 2.000000000000000000e+01
4.400000000000000355e+00 5.002448778446662914e+02 2.000000000000000000e+01
4.500000000000000000e+00 5.002960023612003511e+02 2.000000000000000000e+01
4.599999999999999645e+00 5.003450412798590605e+02 2.000000000000000000e+01
4.700000000000000178e+00 5.003920559560079937e+02 2.000000000000000000e+01
4.799999999999999822e+00 5.004371000033488031e+02 2.000000000000000000e+01
4.900000000000000355e+00 5.004802214388714674e+02 2.000000000000000000e+01
5.000000000000000000e+00 5.005214616810423536e+02 2.000000000000000000e+01
5.099999999999999645e+00 5.005608584344854535e+02 2.000000000000000000e+01
5.200000000000000178e+00 5.005984471839319667e+02 2.000000000000000000e+01
5.299999999999999822e+00 5.006342602199698035e+02 2.000000000000000000e+01
5.400000000000000355e+00 5.006683281660879175e+02 2.000000000000000000e+01
5.500000000000000000e+00 5.007006807201298102e+02 2.000000000000000000e+01
5.599999999999999645e+00 5.007313471386298716e+02 2.000000000000000000e+01
5.700000000000000178e+00 5.007603572833345993e+02 2.000000000000000000e+01
5.799999999999999822e+00 5.007877405498378494e+02 2.000000000000000000e+01
5.900000000000000355e+00 5.008135270621368704e+02 2.000000000000000000e+01
6.000000000000000000e+00 5.008377484689348194e+02 2.000000000000000000e+01
6.099999999999999645e+00 5.008604378109390041e+02 2.000000000000000000e+01
6.200000000000000178e+00 5.008816287084771375e+02 2.000000000000000000e+01
6.299999999999999822e+00 5.009013561752097417e+02 2.000000000000000000e+01
6.400000000000000355e+00 5.009196571525923787e+02 2.000000000000000000e+01
6.500000000000000000e+00 5.009365695390924316e+02 2.000000000000000000e+01
6.599999999999999645e+00 5.009521333008435704e+02 2.000000000000000000e+01
6.700000000000000178e+00 5.009663894465011253e+02 2.000000000000000000e+01
6.799999999999999822e+00 5.009793807034087649e+02 2.000000000000000000e+01
6.900000000000000355e+00 5.009911499774876802e+02 2.000000000000000000e+01
7.000000000000000000e+00 5.010017421858749458e+02 2.000000000000000000e+01
7.099999999999999645e+00 5.010112032827348685e+02 2.000000000000000000e+01
7.200000000000000178e+00 5.010195790951001413e+02 2.000000000000000000e+01
7.299999999999999822e+00 5.010269172013777847e+02 2.000000000000000000e+01
7.400000000000000355e+00 5.010332652371678250e+02 2.000000000000000000e+01
7.500000000000000000e+00 5.010386710377674717e+02 2.000000000000000000e+01
7.599999999999999645e+00 5.010431824306386375e+02 2.000000000000000000e+01
7.700000000000000178e+00 5.010468478688094365e+02 2.000000000000000000e+01
7.799999999999999822e+00 5.010497151927988284e+02 2.000000000000000000e+01
7.900000000000000355e+00 5.010518311133760676e+02 2.000000000000000000e+01
8.000000000000000000e+00 5.010532435070878705e+02 2.000000000000000000e+01
8.099999999999999645e+00 5.010539987123700598e+02 2.000000000000000000e+01
8.199999999999999289e+00 5.010541418086528438e+02 2.000000000000000000e+01
8.300000000000000711e+00 5.010537179264207452e+02 2.000000000000000000e+01
8.400000000000000355e+00 5.010527702145635089e+02 2.000000000000000000e+01
8.500000000000000000e+00 5.010513415761402030e+02 2.000000000000000000e+01
8.599999999999999645e+00 5.010494726710296618e+02 2.000000000000000000e+01
8.699999999999999289e+00 5.010472036870016268e+02 2.000000000000000000e+01
8.800000000000000711e+00 5.010445732583800122e+02 2.000000000000000000e+01
8.900000000000000355e+00 5.010416181155467257e+02 2.000000000000000000e+01
9.000000000000000000e+00 5.010383737352802314e+02 2.000000000000000000e+01
9.099999999999999645e+00 5.010348740604513864e+02 2.000000000000000000e+01
9.199999999999999289e+00 5.010311512998376315e+02 2.000000000000000000e+01
9.300000000000000711e+00 5.010272361133364711e+02 2.000000000000000000e+01
9.400000000000000355e+00 5.010231583875219030e+02 2.000000000000000000e+01
9.500000000000000000e+00 5.010189441987795362e+02 2.000000000000000000e+01
9.599999999999999645e+00 5.010146202914641549e+02 2.000000000000000000e+01
9.699999999999999289e+00 5.010102106958077002e+02 2.000000000000000000e+01
9.800000000000000711e+00 5.010057378789538234e+02 2.000000000000000000e+01
9.900000000000000355e+00 5.010012231853815479e+02 2.000000000000000000e+01
1.000000000000000000e+01 5.010002369661930288e+02 2.000000000000000000e+01
