4.000000000000000222e-01 4.759596262342245154e+02 2.000000000000000000e+01
5.000000000000000000e-01 4.231398844541507742e+02 2.000000000000000000e+01
5.999999999999999778e-01 3.883992763731392870e+02 2.000000000000000000e+01
6.999999999999999556e-01 4.095972389943320309e+02 2.000000000000000000e+01
8.000000000000000444e-01 4.302337772348736848e+02 2.000000000000000000e+01
9.000000000000000222e-01 4.434683795027585802e+02 2.000000000000000000e+01
1.000000000000000000e+00 4.514271948321630816e+02 2.000000000000000000e+01
1.100000000000000089e+00 4.567967721189575059e+02 2.000000000000000000e+01
1.199999999999999956e+00 4.604511169283945264e+02 2.000000000000000000e+01
1.300000000000000044e+00 4.622415457644619323e+02 2.000000000000000000e+01
1.399999999999999911e+00 4.635375243561592811e+02 2.000000000000000000e+01
1.500000000000000000e+00 4.644568258302014101e+02 2.000000000000000000e+01
1.600000000000000089e+00 4.650998886232801510e+02 2.000000000000000000e+01
1.699999999999999956e+00 4.655456643829721770e+02 2.000000000000000000e+01
1.800000000000000044e+00 4.658532323158237887e+02 2.000000000000000000e+01
1.899999999999999911e+00 4.660653847160197643e+02 2.000000000000000000e+01
2.000000000000000000e+00 4.662124178116991970e+02 2.000000000000000000e+01
2.100000000000000089e+00 4.663154267559277173e+02 2.000000000000000000e+01
2.200000000000000178e+00 4.663889157458036721e+02 2.000000000000000000e+01
2.299999999999999822e+00 4.664427596267323679e+02 2.000000000000000000e+01
2.399999999999999911e+00 4.664836295677435487e+02 2.000000000000000000e+01
2.500000000000000000e+00 4.665160037220476283e+02 2.000000000000000000e+01
2.600000000000000089e+00 4.665428722451222256e+02 2.000000000000000000e+01
2.700000000000000178e+00 4.665662229504898164e+02 2.000000000000000000e+01
2.799999999999999822e+00 4.665873721319210290e+02 2.000000000000000000e+01
2.899999999999999911e+00 4.666071890354480729e+02 2.000000000000000000e+01
3.000000000000000000e+00 4.666262459640529983e+02 2.000000000000000000e+01
3.100000000000000089e+00 4.666449188935014263e+02 2.000000000000000000e+01
3.200000000000000178e+00 4.666634542751487515e+02 2.000000000000000000e+01
3.299999999999999822e+00 4.666820133815012355e+02 2.000000000000000000e+01
3.399999999999999911e+00 4.667007020727532449e+02 2.000000000000000000e+01
3.500000000000000000e+00 4.667195892401384185e+02 2.000000000000000000e+01
3.600000000000000089e+00 4.667387197883176100e+02 2.000000000000000000e+01
3.700000000000000178e+00 4.667581234160816734e+02 2.000000000000000000e+01
3.799999999999999822e+00 4.667778191540078296e+02 2.000000000000000000e+01
3.899999999999999911e+00 4.667978194426401046e+02 2.000000000000000000e+01
4.000000000000000000e+00 4.668181323291236140e+02 2.000000000000000000e+01
4.099999999999999645e+00 4.668387632288071245e+02 2.000000000000000000e+01
4.200000000000000178e+00 4.668597150548293371e+02 2.000000000000000000e+01
4.299999999999999822e+00 4.668809894645509075e+02 2.000000000000000000e+01
4.400000000000000355e+00 4.669025871546438111e+02 2.000000000000000000e+01
4.500000000000000000e+00 4.669245083317421745e+02 2.000000000000000000e+01
4.599999999999999645e+00 4.669467527222373633e+02 2.000000000000000000e+01
4.700000000000000178e+00 4.669693189711916830e+02 2.000000000000000000e+01
4.799999999999999822e+00 4.669922062649526424e+02 2.000000000000000000e+01
4.900000000000000355e+00 4.670154129236466929e+02 2.000000000000000000e+01
5.000000000000000000e+00 4.670389368067500300e+02 2.000000000000000000e+01
5.099999999999999645e+00 4.670627758089346457e+02 2.000000000000000000e+01
5.200000000000000178e+00 4.670869273640262236e+02 2.000000000000000000e+01
5.299999999999999822e+00 4.671113884098004974e+02 2.000000000000000000e+01
5.400000000000000355e+00 4.671361561745700328e+02 2.000000000000000000e+01
5.500000000000000000e+00 4.671612274204852042e+02 2.000000000000000000e+01
5.599999999999999645e+00 4.671865978269893844e+02 2.000000000000000000e+01
5.700000000000000178e+00 4.672122639151054386e+02 2.000000000000000000e+01
5.799999999999999822e+00 4.672382214436253207e+02 2.000000000000000000e+01
5.900000000000000355e+00 4.672644655944509964e+02 2.000000000000000000e+01
6.000000000000000000e+00 4.672909912981081675e+02 2.000000000000000000e+01
6.099999999999999645e+00 4.673177934894715122e+02 2.000000000000000000e+01
6.200000000000000178e+00 4.673448671928233580e+02 2.000000000000000000e+01
6.299999999999999822e+00 4.673722062333453664e+02 2.000000000000000000e+01
6.400000000000000355e+00 4.673998041442507656e+02 2.000000000000000000e+01
6.500000000000000000e+00 4.674276544726456564e+02 2.000000000000000000e+01
6.599999999999999645e+00 4.674557508345964152e+02 2.000000000000000000e+01
6.700000000000000178e+00 4.674840865841503614e+02 2.000000000000000000e+01
6.799999999999999822e+00 4.675126538099488016e+02 2.000000000000000000e+01
6.900000000000000355e+00 4.675414445940298833e+02 2.000000000000000000e+01
7.000000000000000000e+00 4.675704514480860325e+02 2.000000000000000000e+01
7.099999999999999645e+00 4.675996658988764239e+02 2.000000000000000000e+01
7.200000000000000178e+00 4.676290799027530056e+02 2.000000000000000000e+01
7.299999999999999822e+00 4.676586836980847011e+02 2.000000000000000000e+01
7.400000000000000355e+00 4.676884682637588071e+02 2.000000000000000000e+01
7.500000000000000000e+00 4.677184250883477716e+02 2.000000000000000000e+01
7.599999999999999645e+00 4.677485438817142835e+02 2.000000000000000000e+01
7.700000000000000178e+00 4.677788144164672417e+02 2.000000000000000000e+01
7.799999999999999822e+00 4.678092265530977443e+02 2.000000000000000000e+01
7.900000000000000355e+00 4.678397698785046828e+02 2.000000000000000000e+01
8.000000000000000000e+00 4.678704332942102724e+02 2.000000000000000000e+01
8.099999999999999645e+00 4.679012062111532941e+02 2.000000000000000000e+01
8.199999999999999289e+00 4.679320777965796196e+02 2.000000000000000000e+01
8.300000000000000711e+00 4.679630357034630492e+02 2.000000000000000000e+01
8.400000000000000355e+00 4.679940680940084121e+02 2.000000000000000000e+01
8.500000000000000000e+00 4.680251637200956338e+02 2.000000000000000000e+01
8.599999999999999645e+00 4.680563106677919905e+02 2.000000000000000000e+01
8.699999999999999289e+00 4.680874967690460267e+02 2.000000000000000000e+01
8.800000000000000711e+00 4.681187082752808806e+02 2.000000000000000000e+01
8.900000000000000355e+00 4.681499333288149955e+02 2.000000000000000000e+01
9.000000000000000000e+00 4.681811599081170812e+02 2.000000000000000000e+01
9.099999999999999645e+00 4.682123743759104855e+02 2.000000000000000000e+01
9.199999999999999289e+00 4.682435642273250096e+02 2.000000000000000000e+01
9.300000000000000711e+00 4.682747153412866510e+02 2.000000000000000000e+01
9.400000000000000355e+00 4.683058156743860536e+02 2.000000000000000000e+01
9.500000000000000000e+00 4.683368516270907094e+02 2.000000000000000000e+01
9.599999999999999645e+00 4.683678093256067427e+02 2.000000000000000000e+01
9.699999999999999289e+00 4.683986766625357632e+02 2.000000000000000000e+01
9.800000000000000711e+00 4.684294394063153391e+02 2.000000000000000000e+01
9.900000000000000355e+00 4.684600840967189583e+02 2.000000000000000000e+01
1.000000000000000000e+01 4.684887229437577503e+02 2.000000000000000000e+01
